校车数量, 距离cost, 时间cost, cpu时间, GRASP, GRASP+VND
4,36850.0,138,22.886501789093018,442078.0,436850.0,
4,36072.0,134,22.22136688232422,438274.0,436072.0,
3,40406.0,136,22.271382093429565,438986.0,340406.0,
3,42174.0,149,24.85943293571472,438696.0,342174.0,
3,41152.0,141,23.225399017333984,447048.0,341152.0,
3,43320.0,148,24.627429008483887,438210.0,343320.0,
3,44432.0,148,24.38455605506897,436924.0,344432.0,
3,39788.0,137,24.595898151397705,438250.0,339788.0,
3,39392.0,133,24.75749897956848,437664.0,339392.0,
3,38590.0,131,24.24641704559326,440882.0,338590.0,
校车数量,距离cost,时间cost,cpu时间,GRASP平均值,GRASP+VND平均值,GRASP最优值,GRASP+VND最优值,bus数量标准差,距离标准差

3.2,40217.6,139.5,23.81,439701.2,360217.6,436924.0,338590.0,0.42,2670.08,